# replay de Star_Ocean_Japan__so_trace_trace.tsv (sesion de Mesen), keyeado al reloj del invitado
# clock: master
# clave: frame-start (inicio del frame del cambio = la mascara entra en vigor ese mismo frame)
# formato: '<master> <mascara hex $4218>' -- b0=B b1=Y b2=Sel b3=Start b4=Up b5=Down b6=Left b7=Right b8=A b9=X b10=L b11=R
0 0000
418782488 0100
420569316 0000
433077128 0100
434506592 0000
469885824 0100
471672656 0000
4421996420 0100
4432002668 0000
4433789496 0100
4478817612 0000
4479889712 0100
4593889464 0000
4594961564 0100
4655356416 0000
4656428516 0100
4800089648 0000
4800804380 0100
4826177364 0000
4826892096 0100
4904797884 0000
4905512616 0100
4935531360 0000
4936603460 0100
4981274208 0000
4982346308 0100
5007719292 0000
5008434024 0100
5047386920 0000
5048101652 0100
5077048296 0000
5077763028 0100
5133512124 0000
5134584224 0100
5269311204 0000
5270383304 0100
5276458524 0000
5311480392 0020
5323988204 0000
5324702936 0040
5343643332 0000
5344715432 0010
5348646456 0110
5349718556 0100
5350433288 0000
5366157392 0100
5369373684 0000
5379737300 0100
5381881496 0000
5398320332 0100
5400821892 0000
5411900240 0100
5414044436 0000
5441918984 0100
5443705812 0000
5465505140 0040
5468364068 0000
5470508264 0040
5474439288 0140
5474796656 0100
5476583484 0000
5504458032 0100
5506959596 0000
5513392184 0100
5515536380 0000
5524827896 0080
5578432796 0090
5578790160 0010
5617028324 0000
5631680328 0010
5637040820 0000
5638827648 0080
5662056440 0000
5663843268 0020
5685285228 0000
5781416684 0100
6067309484 0000
6068024216 0100
6143785808 0000
6144500540 0100
6255998732 0000
6341409204 0040
6348199160 0000
6348556524 0020
6365710092 0040
6371427948 0020
6380004732 0000
6385722588 0100
6395371472 0000
6396443568 0100
6441114320 0000
6468988868 0100
6472562528 0000
6485070336 0100
6487571900 0000
6489001364 0100
6490430828 0000
6516518544 0100
6517948008 0000
6521879036 0100
6522951132 0000
6524380596 0100
6526167428 0000
6526882160 0100
6527954256 0000
6540104700 0100
6541176800 0000
6542248896 0100
6543320996 0000
6544393092 0100
6545465192 0000
6552969876 0100
6554041976 0000
6555114072 0100
6556186172 0000
6618010488 0100
6620154684 0000
6624085712 0100
6625515176 0000
6635878788 0100
6637308252 0000
6641954012 0100
6643383476 0000
6660894408 0100
6661966508 0000
6664468068 0100
6666254900 0000
6668041728 0100
6669113828 0000
6673402220 0100
6674831684 0000
6679834808 0100
6681621636 0000
6683765832 0100
6685195296 0000
6752380104 0010
6766317380 0000
6767389476 0040
6777395724 0060
6779182556 0020
6786687240 0000
6789188804 0100
6795978756 0000
6797050856 0100
6834931652 0000
6864235664 0100
6866022492 0000
6867094592 0100
6867809324 0000
6884962892 0100
6887107088 0000
6888536552 0100
6890680748 0000
6905332752 0100
6906762216 0000
6928204176 0100
6929633640 0000
6930705740 0100
6932135204 0000
6933564668 0100
6934279400 0000
6937138328 0100
6938567792 0000
6941069352 0100
6942141452 0000
6943570916 0100
6945000380 0000
7000749476 0100
7002893672 0000
7006109964 0100
7007539428 0000
7022191436 0100
7023620900 0000
7025050364 0100
7026479828 0000
7045777592 0100
7047207056 0000
7048993884 0100
7050423348 0000
7060072232 0100
7061501696 0000
7063288524 0100
7065432720 0000
7076153700 0100
7077583164 0000
7079012628 0100
7080442092 0000
7089018876 0100
7090448340 0000
7091877804 0100
7093307268 0000
7103313516 0100
7104742980 0000
7191582920 0100
7208379120 0000
7209093852 0100
7269488708 0000
7270203440 0100
7342034004 0000
7342748736 0100
7366334892 0000
7366692260 0100
7404573056 0000
7405287788 0100
7441739120 0000
7442453852 0100
7486409868 0000
7487124600 0100
7564315656 0000
7565030388 0100
7579325028 0000
7580397128 0100
7582183956 0000
7583256056 0100
7584685520 0000
7586114984 0100
7587187080 0000
7588259180 0100
7588973912 0000
7590046008 0100
7591118108 0000
7595406500 0100
7596835964 0000
7611130604 0100
7612202700 0000
7612917432 0100
7613989532 0000
7614704264 0100
7616133728 0000
7624353144 0100
7625782608 0000
7626497340 0100
7627212072 0000
7628641536 0100
7629713636 0000
7630785732 0100
7631857832 0000
7632929928 0100
7634359392 0000
7635074124 0100
7636503588 0000
7637575688 0100
7638647784 0000
7639719884 0100
7640434616 0000
7641506712 0100
7642578812 0000
7643650908 0100
7644723008 0000
7645795104 0100
7646509836 0000
7647581936 0100
7648654032 0000
7649368764 0100
7650440864 0000
7651512960 0100
7652227692 0000
7657588184 0100
7658660280 0000
7659375012 0100
7660804476 0000
7661876576 0100
7663306040 0000
7664020772 0100
7665092868 0000
7666164968 0100
7667237064 0000
7667951796 0100
7669023896 0000
7670453360 0100
7671168092 0000
7672240188 0100
7672954920 0000
7683318536 0100
7684390632 0000
7685462732 0100
7686534828 0000
7687606928 0100
7688679024 0000
7689393756 0100
7690465856 0000
7691537952 0100
7692610052 0000
7693682148 0100
7694396880 0000
7706904692 0100
7708334156 0000
7709048888 0100
7710120984 0000
7711193084 0100
7712622548 0000
7713337280 0100
7714409376 0000
7728346652 0100
7729776116 0000
7730490848 0100
7731562944 0000
7732635044 0100
7733707140 0000
7734779240 0100
7735493972 0000
7736566068 0100
7737638168 0000
7746929684 0100
7748001780 0000
7749073880 0100
7750145976 0000
7751575440 0100
7752290172 0000
7753362272 0100
7754434368 0000
7755506468 0100
7756578564 0000
7757650664 0100
7758365396 0000
7759794860 0100
7760509592 0000
7761581688 0100
7762296420 0000
7763368520 0100
7764797984 0000
7765512716 0100
7766584812 0000
7775161596 0100
7776233696 0000
7777305792 0100
7778735256 0000
7779807356 0100
7780522088 0000
7781951552 0100
7783023648 0000
7783738380 0100
7784453112 0000
7785525212 0100
7786597308 0000
7787669408 0100
7788384140 0000
7789456236 0100
7790170968 0000
7791243068 0100
7792315164 0000
7793387264 0100
7794101996 0000
7795174092 0100
7796246192 0000
7796960924 0100
7798033020 0000
7798747752 0100
7799819852 0000
7800891948 0100
7801964048 0000
7803393512 0100
7804465608 0000
7805537708 0100
7806609804 0000
7807681904 0100
7808396636 0000
7809468732 0100
7810540832 0000
7811612928 0100
7812327660 0000
7813399760 0100
7814471856 0000
7815543956 0100
7816616052 0000
7817688152 0100
7818402884 0000
7829838596 0100
7831268060 0000
7831982792 0100
7833054888 0000
7833769620 0100
7834841720 0000
7835913816 0100
7836628548 0000
7846634796 0100
7847706896 0000
7848421628 0100
7849493724 0000
7850208456 0100
7851280556 0000
7852352652 0100
7853067384 0000
7865575196 0100
7867004660 0000
7867719392 0100
7868791488 0000
7869863588 0100
7870578320 0000
7877725640 0100
7878797736 0000
7880227200 0100
7880941932 0000
7882014032 0100
7882728764 0000
7891662912 0100
7892735012 0000
7893807108 0100
7894879208 0000
7895593940 0100
7897023404 0000
7897738136 0100
7898452868 0000
7899882332 0100
7900597064 0000
7912747508 0100
7913819604 0000
7914534336 0100
7915606436 0000
7916678532 0100
7917750632 0000
7918465364 0100
7919537460 0000
7920609560 0100
7921681656 0000
7973142360 0100
7974571824 0000
7979574948 0100
7981004412 0000
7988866464 0100
7989938564 0000
7993869588 0100
7995299052 0000
8008521596 0100
8010308424 0000
8020672040 0100
8022458868 0000
8031035652 0100
8032822484 0000
8034966680 0100
8036038776 0000
8043543464 0100
8045330292 0000
8057480736 0100
8059267568 0000
8072132744 0100
8073919572 0000
8080352160 0100
8082496356 0000
8088214212 0100
8090358408 0000
8216508608 0100
8236521104 0000
8237235836 0100
8269756140 0000
8270828240 0100
8340514608 0000
8341229340 0100
8393047412 0000
8733259844 0100
8775786396 0000
8776501128 0100
8856908480 0000
8857980576 0100
8997353316 0000
8997710684 0100
8998782780 0000
9000212244 0100
9067397052 0000
9068469152 0100
9161384312 0000
9162456408 0100
9213559748 0000
9214274480 0100
9412255244 0000
9412969976 0100
9456568628 0000
9457640724 0100
9478725320 0000
9479797416 0100
9539477540 0000
9540192272 0100
9569138916 0000
9570211016 0100
9809288868 0000
9810003600 0100
10208824056 0000
10209538788 0100
10353557288 0000
10354272020 0100
10458980256 0000
10462911284 0010
10464698112 0000
10467557040 0020
10470773336 0000
10472917532 0040
10474704360 0000
10477920656 0080
10480064852 0000
