424 00000100
432 00000000
443 00000100
448 00000000
453 00000100
454 00000000
455 00000100
456 00000000
458 00000100
461 00000000
462 00000100
464 00000000
472 00000100
476 00000000
487 00000100
493 00000000
499 00000100
504 00000000
510 00000100
514 00000000
520 00000100
525 00000000
531 00000100
535 00000000
582 00000100
591 00000000
11479 00000100
11556 00000000
11560 00000100
11695 00000000
11699 00000100
12018 00000000
12023 00000100
12195 00000000
12200 00000100
12604 00000000
12609 00000100
12690 00000000
12696 00000100
12915 00000000
12920 00000100
13031 00000000
13036 00000100
13193 00000000
13200 00000100
13297 00000000
13302 00000100
13438 00000000
13445 00000100
13538 00000000
13545 00000100
13718 00000000
13723 00000100
14049 00000000
14068 00000020
14092 00000000
14103 00000100
14141 00000000
14147 00000100
14154 00000000
14194 00000020
14214 00000060
14215 00000000
14228 00000040
14236 00000060
14238 00000020
14251 00000060
14254 00000040
14273 00000060
14275 00000020
14280 00000060
14282 00000040
14300 00000050
14302 00000010
14310 00000110
14311 00000190
14315 00000100
14319 00000000
14354 00000040
14362 00000000
14365 00000010
14369 00000110
14374 00000100
14379 00000000
14388 00000100
14393 00000000
14410 00000100
14413 00000000
14416 00000040
14424 00000050
14425 00000000
14427 00000010
14431 00000110
14440 00000010
14442 00000000
14452 00000040
14461 00000140
14463 00000100
14468 00000000
14488 00000010
14496 00000110
14497 00000190
14498 00000100
14503 00000000
14539 00000100
14546 00000000
14552 00000100
14559 00000000
14565 00000100
14573 00000000
14602 00000020
14612 00000000
14623 00000020
14634 00000000
14659 00000010
14666 00000090
14668 00000000
14680 00000040
14691 00000000
14700 00000100
14709 00000000
14741 00000100
14750 00000000
14759 00000100
14767 00000000
14773 00000100
14780 00000000
14818 00000080
14931 00000090
14938 00000010
15063 00000000
15121 00000010
15133 00000090
15139 00000080
15187 000000a0
15196 00000020
15246 00000000
15475 00000100
15527 00000000
15533 00000100
16341 00000000
16348 00000100
16553 00000000
16558 00000100
17108 00000000
17112 00000040
17132 00000000
17143 00000020
17186 00000060
17194 00000040
17207 00000000
17209 00000020
17244 00000000
17439 00000100
17602 00000000
17605 00000100
17609 00000000
17613 00000100
17617 00000000
17620 00000100
17624 00000000
17627 00000100
17631 00000000
17634 00000100
17638 00000000
17641 00000100
17646 00000000
17650 00000100
17654 00000000
17657 00000100
17661 00000000
17667 00000100
17672 00000000
17676 00000100
17681 00000000
17685 00000100
17690 00000000
17694 00000100
17698 00000000
17701 00000100
17705 00000000
17709 00000100
17713 00000000
17719 00000100
17722 00000000
17727 00000100
17731 00000000
17735 00000100
17739 00000000
17743 00000100
17747 00000000
17751 00000100
17755 00000000
17758 00000100
17763 00000000
17767 00000100
17771 00000000
17776 00000100
17780 00000000
17784 00000100
17789 00000000
17792 00000100
17797 00000000
17800 00000100
17805 00000000
17808 00000100
17812 00000000
17816 00000100
17820 00000000
17824 00000100
17829 00000000
17833 00000100
17838 00000000
17842 00000100
17848 00000000
17852 00000100
17855 00000000
17861 00000100
17864 00000000
17869 00000100
17874 00000000
17878 00000100
17883 00000000
17931 00000100
17934 00000000
17939 00000100
17945 00000000
17950 00000100
17954 00000000
17960 00000100
17964 00000000
17970 00000100
17975 00000000
17981 00000100
17986 00000000
17992 00000100
17998 00000000
18006 00000100
18012 00000000
18016 00000100
18022 00000000
18028 00000100
18032 00000000
18038 00000100
18043 00000000
18049 00000100
18053 00000000
18228 00000010
18256 00000050
18260 00000040
18289 00000060
18310 00000020
18343 00000000
18362 00000100
18370 00000000
18462 00000100
18466 00000000
18470 00000100
18474 00000000
18478 00000100
18481 00000000
18486 00000100
18490 00000000
18495 00000100
18500 00000000
18504 00000100
18508 00000000
18511 00000100
18515 00000000
18519 00000100
18523 00000000
18527 00000100
18531 00000000
18535 00000100
18539 00000000
18543 00000100
18548 00000000
18553 00000100
18557 00000000
18561 00000100
18566 00000000
18570 00000100
18575 00000000
18579 00000100
18584 00000000
18589 00000100
18594 00000000
18599 00000100
18603 00000000
18608 00000100
18614 00000000
18618 00000100
18624 00000000
18629 00000100
18634 00000000
18638 00000100
18646 00000000
18652 00000100
18658 00000000
18663 00000100
18669 00000000
18674 00000100
18681 00000000
18686 00000100
18692 00000000
18698 00000100
18704 00000000
18709 00000100
18715 00000000
18720 00000100
18726 00000000
18731 00000100
18738 00000000
18796 00000100
18800 00000000
18805 00000100
18809 00000000
18814 00000100
18817 00000000
18822 00000100
18825 00000000
18831 00000100
18835 00000000
18841 00000100
18846 00000000
18851 00000100
18854 00000000
18862 00000100
18867 00000000
18873 00000100
18877 00000000
18884 00000100
18889 00000000
18909 00000100
18915 00000000
18941 00000100
18949 00000000
19167 00000100
19259 00000000
19262 00000100
19433 00000000
19437 00000100
19639 00000000
19641 00000100
19705 00000000
19711 00000100
19828 00000000
19833 00000100
19960 00000000
19966 00000100
20098 00000000
20102 00000100
20233 00000000
20237 00000100
20242 00000000
20245 00000100
20248 00000000
20252 00000100
20255 00000000
20259 00000100
20263 00000000
20267 00000100
20270 00000000
20274 00000100
20278 00000000
20282 00000100
20286 00000000
20290 00000100
20295 00000000
20297 00000100
20303 00000000
20307 00000100
20312 00000000
20317 00000100
20321 00000000
20325 00000100
20330 00000000
20335 00000100
20339 00000000
20343 00000100
20348 00000000
20352 00000100
20356 00000000
20360 00000100
20364 00000000
20368 00000100
20373 00000000
20377 00000100
20382 00000000
20386 00000100
20391 00000000
20395 00000100
20399 00000000
20402 00000100
20407 00000000
20411 00000100
20414 00000000
20418 00000100
20423 00000000
20426 00000100
20431 00000000
20435 00000100
20439 00000000
20443 00000100
20447 00000000
20451 00000100
20456 00000000
20460 00000100
20464 00000000
20468 00000100
20472 00000000
20476 00000100
20480 00000000
20484 00000100
20488 00000000
20492 00000100
20496 00000000
20500 00000100
20504 00000000
20508 00000100
20513 00000000
20516 00000100
20521 00000000
20525 00000100
20529 00000000
20533 00000100
20538 00000000
20543 00000100
20547 00000000
20552 00000100
20557 00000000
20561 00000100
20566 00000000
20571 00000100
20577 00000000
20581 00000100
20587 00000000
20591 00000100
20598 00000000
20602 00000100
20607 00000000
20613 00000100
20618 00000000
20624 00000100
20630 00000000
20635 00000100
20640 00000000
20645 00000100
20651 00000000
20656 00000100
20662 00000000
20667 00000100
20673 00000000
20678 00000100
20685 00000000
20690 00000100
20696 00000000
20701 00000100
20708 00000000
20711 00000100
20718 00000000
20723 00000100
20729 00000000
20735 00000100
20741 00000000
20746 00000100
20752 00000000
20757 00000100
20763 00000000
20768 00000100
20774 00000000
20779 00000100
20784 00000000
20790 00000100
20796 00000000
20802 00000100
20808 00000000
20813 00000100
20818 00000000
20822 00000100
20829 00000000
20834 00000100
20841 00000000
20846 00000100
20852 00000000
20856 00000100
20861 00000000
20866 00000100
20872 00000000
20876 00000100
20883 00000000
20888 00000100
20895 00000000
20901 00000100
20906 00000000
20912 00000100
20917 00000000
20923 00000100
20929 00000000
20935 00000100
20939 00000000
20945 00000100
20949 00000000
21020 00000100
21030 00000000
21038 00000100
21045 00000000
21065 00000100
21072 00000000
21082 00000100
21090 00000000
21115 00000100
21121 00000000
21196 00000100
21204 00000000
21243 00000100
21254 00000000
21298 00000100
21305 00000000
21351 00000100
21359 00000000
21404 00000100
21412 00000000
21449 00000100
21459 00000000
21815 00000100
21848 00000000
21854 00000100
21967 00000000
21979 00000100
22187 00000000
22193 00000100
23201 00000000
23281 00000100
23420 00000000
23425 00000100
23435 00000000
