# k recomp_frame oracle_frame wram_diff mean_pixdiff frac_pixdiff recomp_black oracle_black bad_black
0 77 1601 0.00 0.000 1.000 1.000 0
1 78 1612 0.00 0.000 1.000 1.000 0
2 79 1575 0.00 0.000 1.000 1.000 0
3 80 884 0.00 0.000 1.000 1.000 0
4 81 696 0.00 0.000 1.000 1.000 0
5 82 813 1.76 0.052 0.948 1.000 0
6 83 804 7.34 0.060 0.944 0.940 0
7 84 804 14.62 0.060 0.940 0.940 0
8 85 806 21.80 0.060 0.940 0.940 0
9 86 804 9.38 0.060 0.940 0.993 0
10 87 806 9.52 0.060 0.940 0.940 0
11 88 804 14.85 0.060 0.940 0.944 0
12 89 809 21.82 0.060 0.940 0.940 0
13 90 804 11.51 0.060 0.940 0.940 0
14 91 804 12.68 0.060 0.940 0.940 0
15 92 806 19.90 0.060 0.940 0.940 0
16 93 804 27.15 0.060 0.940 0.940 0
17 94 806 16.10 0.060 0.940 0.948 0
18 95 804 11.72 0.060 0.940 0.940 0
19 96 809 18.35 0.060 0.940 0.940 0
20 97 804 25.41 0.060 0.940 0.940 0
21 98 806 25.41 0.060 0.940 0.940 0
22 99 804 25.41 0.060 0.940 0.940 0
23 100 806 25.41 0.060 0.940 0.940 0
24 101 804 25.41 0.060 0.940 0.940 0
25 102 804 25.41 0.060 0.940 0.940 0
26 103 490 25.41 0.060 0.940 0.940 0
27 104 804 25.41 0.060 0.940 0.940 0
28 105 804 25.41 0.060 0.940 0.940 0
29 106 804 25.41 0.060 0.940 0.940 0
30 107 485 25.41 0.060 0.940 0.940 0
31 108 804 25.41 0.060 0.940 0.940 0
32 109 809 25.41 0.060 0.940 0.940 0
33 110 804 25.41 0.060 0.940 0.940 0
34 111 809 25.41 0.060 0.940 0.940 0
35 112 804 25.41 0.060 0.940 0.940 0
36 113 806 25.41 0.060 0.940 0.940 0
37 114 804 25.41 0.060 0.940 0.940 0
38 115 806 25.41 0.060 0.940 0.940 0
39 116 490 25.41 0.060 0.940 0.940 0
40 117 806 25.41 0.060 0.940 0.940 0
41 118 804 25.41 0.060 0.940 0.940 0
42 119 806 25.41 0.060 0.940 0.940 0
43 120 804 25.41 0.060 0.940 0.940 0
44 121 806 25.41 0.060 0.940 0.940 0
45 122 804 25.41 0.060 0.940 0.940 0
46 123 806 25.41 0.060 0.940 0.940 0
47 124 804 25.41 0.060 0.940 0.940 0
48 125 804 25.41 0.060 0.940 0.940 0
49 126 485 25.41 0.060 0.940 0.940 0
50 127 804 25.41 0.060 0.940 0.940 0
51 128 809 25.41 0.060 0.940 0.940 0
52 129 490 25.41 0.060 0.940 0.940 0
53 130 809 25.41 0.060 0.940 0.940 0
54 131 804 25.41 0.060 0.940 0.940 0
55 132 806 25.41 0.060 0.940 0.940 0
56 133 804 25.41 0.060 0.940 0.940 0
57 134 806 25.41 0.060 0.940 0.940 0
58 135 804 25.41 0.060 0.940 0.940 0
59 136 806 25.41 0.060 0.940 0.940 0
60 137 804 25.41 0.060 0.940 0.940 0
61 138 809 25.41 0.060 0.940 0.940 0
62 139 804 25.41 0.060 0.940 0.940 0
63 140 809 25.41 0.060 0.940 0.940 0
64 141 804 25.41 0.060 0.940 0.940 0
65 142 806 25.41 0.060 0.940 0.940 0
66 143 804 25.41 0.060 0.940 0.940 0
67 144 806 25.41 0.060 0.940 0.940 0
68 145 804 25.41 0.060 0.940 0.940 0
69 146 806 25.41 0.060 0.940 0.940 0
70 147 804 25.41 0.060 0.940 0.940 0
71 148 806 25.41 0.060 0.940 0.940 0
72 149 804 25.41 0.060 0.940 0.940 0
73 150 806 25.41 0.060 0.940 0.940 0
74 151 804 25.41 0.060 0.940 0.940 0
75 152 806 25.41 0.060 0.940 0.940 0
76 153 804 25.41 0.060 0.940 0.940 0
77 154 804 25.41 0.060 0.940 0.940 0
78 155 804 25.41 0.060 0.940 0.940 0
79 156 804 25.41 0.060 0.940 0.940 0
80 157 804 25.41 0.060 0.940 0.940 0
81 158 804 25.41 0.060 0.940 0.940 0
82 159 485 25.41 0.060 0.940 0.940 0
83 160 804 25.41 0.060 0.940 0.940 0
84 161 809 25.41 0.060 0.940 0.940 0
85 162 804 25.41 0.060 0.940 0.940 0
86 163 809 25.41 0.060 0.940 0.940 0
87 164 804 25.41 0.060 0.940 0.940 0
88 165 806 25.41 0.060 0.940 0.940 0
89 166 804 25.41 0.060 0.940 0.940 0
90 167 806 25.41 0.060 0.940 0.940 0
91 168 804 25.41 0.060 0.940 0.940 0
92 169 806 25.41 0.060 0.940 0.940 0
93 170 804 25.41 0.060 0.940 0.940 0
94 171 806 25.41 0.060 0.940 0.940 0
95 172 804 25.41 0.060 0.940 0.940 0
96 173 806 25.41 0.060 0.940 0.940 0
97 174 804 25.41 0.060 0.940 0.940 0
98 175 806 25.41 0.060 0.940 0.940 0
99 176 804 25.41 0.060 0.940 0.940 0
100 177 804 25.41 0.060 0.940 0.940 0
101 178 485 25.41 0.060 0.940 0.940 0
102 179 804 25.41 0.060 0.940 0.940 0
103 180 809 25.41 0.060 0.940 0.940 0
104 181 804 25.41 0.060 0.940 0.940 0
105 182 809 25.41 0.060 0.940 0.940 0
106 183 804 25.41 0.060 0.940 0.940 0
107 184 806 25.41 0.060 0.940 0.940 0
108 185 804 25.41 0.060 0.940 0.940 0
109 186 806 25.41 0.060 0.940 0.940 0
110 187 804 25.41 0.060 0.940 0.940 0
111 188 806 25.41 0.060 0.940 0.940 0
112 189 804 25.41 0.060 0.940 0.940 0
113 190 806 25.41 0.060 0.940 0.940 0
114 191 804 25.41 0.060 0.940 0.940 0
115 192 806 25.41 0.060 0.940 0.940 0
116 193 804 25.41 0.060 0.940 0.940 0
117 194 806 25.41 0.060 0.940 0.940 0
118 195 804 25.41 0.060 0.940 0.940 0
119 196 804 25.41 0.060 0.940 0.940 0
120 197 804 25.41 0.060 0.940 0.940 0
121 198 806 25.41 0.060 0.940 0.940 0
122 199 804 25.41 0.060 0.940 0.940 0
123 200 806 25.41 0.060 0.940 0.940 0
124 201 804 25.41 0.060 0.940 0.940 0
125 202 806 25.41 0.060 0.940 0.940 0
126 203 804 25.41 0.060 0.940 0.940 0
127 204 806 25.41 0.060 0.940 0.940 0
128 205 804 25.41 0.060 0.940 0.940 0
129 206 804 25.41 0.060 0.940 0.940 0
130 207 804 25.41 0.060 0.940 0.940 0
131 208 804 25.41 0.060 0.940 0.940 0
132 209 804 25.41 0.060 0.940 0.940 0
133 210 804 25.41 0.060 0.940 0.940 0
134 211 485 25.41 0.060 0.940 0.940 0
135 212 490 25.41 0.060 0.940 0.940 0
136 213 809 25.41 0.060 0.940 0.940 0
137 214 804 25.41 0.060 0.940 0.940 0
138 215 809 25.41 0.060 0.940 0.940 0
139 216 804 25.41 0.060 0.940 0.940 0
140 217 806 25.41 0.060 0.940 0.940 0
141 218 804 25.41 0.060 0.940 0.940 0
142 219 806 25.41 0.060 0.940 0.940 0
143 220 804 25.41 0.060 0.940 0.940 0
144 221 806 25.41 0.060 0.940 0.940 0
145 222 804 25.41 0.060 0.940 0.940 0
146 223 806 25.41 0.060 0.940 0.940 0
147 224 804 25.41 0.060 0.940 0.940 0
148 225 492 25.41 0.060 0.940 0.940 0
149 226 804 25.41 0.060 0.940 0.940 0
150 227 782 25.38 0.060 0.940 0.940 0
151 228 784 18.19 0.060 0.940 0.940 0
152 229 784 10.91 0.060 0.940 0.940 0
153 230 782 12.57 0.060 0.940 0.948 0
154 231 782 26.87 0.060 0.940 0.940 0
155 232 784 19.67 0.060 0.940 0.940 0
156 233 784 12.45 0.060 0.940 0.940 0
157 234 782 8.03 0.060 0.940 0.940 0
158 235 782 21.59 0.060 0.940 0.940 0
159 236 787 14.51 0.060 0.940 0.944 0
160 237 784 9.29 0.060 0.940 0.940 0
161 238 782 5.91 0.060 0.940 0.993 0
162 239 782 21.52 0.060 0.944 0.940 0
163 240 787 14.33 0.060 0.948 0.940 0
164 241 1960 7.48 0.060 1.000 0.940 0
165 242 936 0.00 0.000 1.000 1.000 0
166 243 808 1.85 0.035 0.953 1.000 0
167 244 806 4.30 0.052 0.947 0.948 0
168 245 804 8.48 0.053 0.947 0.947 0
169 246 809 13.93 0.053 0.947 0.947 0
170 247 804 14.76 0.053 0.947 0.947 0
171 248 804 10.27 0.053 0.947 0.947 0
172 249 806 10.62 0.053 0.947 0.947 0
173 250 804 11.05 0.053 0.947 0.947 0
174 251 806 12.88 0.053 0.947 0.947 0
175 252 804 11.63 0.053 0.947 0.947 0
176 253 485 11.44 0.053 0.947 0.947 0
177 254 804 12.54 0.053 0.947 0.947 0
178 255 804 16.33 0.053 0.947 0.947 0
179 256 806 16.17 0.053 0.947 0.947 0
180 257 804 14.06 0.053 0.947 0.947 0
181 258 806 12.55 0.053 0.947 0.947 0
182 259 804 12.55 0.053 0.947 0.947 0
183 260 806 12.55 0.053 0.947 0.947 0
184 261 804 12.55 0.053 0.947 0.947 0
185 262 806 12.55 0.053 0.947 0.947 0
186 263 804 12.55 0.053 0.947 0.947 0
187 264 806 12.55 0.053 0.947 0.947 0
188 265 804 12.55 0.053 0.947 0.947 0
189 266 804 12.55 0.053 0.947 0.947 0
190 267 804 12.55 0.053 0.947 0.947 0
191 268 804 12.55 0.053 0.947 0.947 0
192 269 804 12.55 0.053 0.947 0.947 0
193 270 804 12.55 0.053 0.947 0.947 0
194 271 485 12.55 0.053 0.947 0.947 0
195 272 804 12.55 0.053 0.947 0.947 0
196 273 809 12.55 0.053 0.947 0.947 0
197 274 804 12.55 0.053 0.947 0.947 0
198 275 809 12.55 0.053 0.947 0.947 0
199 276 804 12.55 0.053 0.947 0.947 0
200 277 806 12.55 0.053 0.947 0.947 0
201 278 804 12.55 0.053 0.947 0.947 0
202 279 806 12.55 0.053 0.947 0.947 0
203 280 804 12.55 0.053 0.947 0.947 0
204 281 806 12.55 0.053 0.947 0.947 0
205 282 804 12.55 0.053 0.947 0.947 0
206 283 806 12.55 0.053 0.947 0.947 0
207 284 804 12.55 0.053 0.947 0.947 0
208 285 806 12.55 0.053 0.947 0.947 0
209 286 804 12.55 0.053 0.947 0.947 0
210 287 806 12.55 0.053 0.947 0.947 0
211 288 804 12.55 0.053 0.947 0.947 0
212 289 804 12.55 0.053 0.947 0.947 0
213 290 485 12.55 0.053 0.947 0.947 0
214 291 804 12.55 0.053 0.947 0.947 0
215 292 809 12.55 0.053 0.947 0.947 0
216 293 804 12.55 0.053 0.947 0.947 0
217 294 809 12.55 0.053 0.947 0.947 0
218 295 804 12.55 0.053 0.947 0.947 0
219 296 806 12.55 0.053 0.947 0.947 0
220 297 804 12.55 0.053 0.947 0.947 0
221 298 806 12.55 0.053 0.947 0.947 0
222 299 804 12.55 0.053 0.947 0.947 0
223 300 806 12.55 0.053 0.947 0.947 0
224 301 804 12.55 0.053 0.947 0.947 0
225 302 806 12.55 0.053 0.947 0.947 0
226 303 804 12.55 0.053 0.947 0.947 0
227 304 806 12.55 0.053 0.947 0.947 0
228 305 804 12.55 0.053 0.947 0.947 0
229 306 806 12.55 0.053 0.947 0.947 0
230 307 804 12.55 0.053 0.947 0.947 0
231 308 804 12.55 0.053 0.947 0.947 0
232 309 804 12.55 0.053 0.947 0.947 0
233 310 804 12.55 0.053 0.947 0.947 0
234 311 804 12.55 0.053 0.947 0.947 0
235 312 804 12.55 0.053 0.947 0.947 0
236 313 485 12.55 0.053 0.947 0.947 0
237 314 804 12.55 0.053 0.947 0.947 0
238 315 809 12.55 0.053 0.947 0.947 0
239 316 804 12.55 0.053 0.947 0.947 0
240 317 809 12.55 0.053 0.947 0.947 0
241 318 804 12.55 0.053 0.947 0.947 0
242 319 804 12.55 0.053 0.947 0.947 0
243 320 804 12.55 0.053 0.947 0.947 0
244 321 804 12.55 0.053 0.947 0.947 0
245 322 490 12.55 0.053 0.947 0.947 0
246 323 485 12.55 0.053 0.947 0.947 0
247 324 804 12.55 0.053 0.947 0.947 0
248 325 809 12.55 0.053 0.947 0.947 0
249 326 804 12.55 0.053 0.947 0.947 0
250 327 809 12.55 0.053 0.947 0.947 0
251 328 804 12.55 0.053 0.947 0.947 0
252 329 806 12.55 0.053 0.947 0.947 0
253 330 804 12.55 0.053 0.947 0.947 0
254 331 806 12.55 0.053 0.947 0.947 0
255 332 804 12.55 0.053 0.947 0.947 0
256 333 1058 12.55 0.053 0.947 0.947 0
257 334 1056 12.55 0.053 0.947 0.947 0
258 335 492 12.55 0.053 0.947 0.947 0
259 336 804 12.55 0.053 0.947 0.947 0
260 337 806 12.55 0.053 0.947 0.947 0
261 338 804 12.55 0.053 0.947 0.947 0
262 339 806 12.55 0.053 0.947 0.947 0
263 340 804 12.55 0.053 0.947 0.947 0
264 341 804 12.55 0.053 0.947 0.947 0
265 342 485 12.55 0.053 0.947 0.947 0
266 343 804 12.55 0.053 0.947 0.947 0
267 344 809 12.55 0.053 0.947 0.947 0
268 345 804 12.55 0.053 0.947 0.947 0
269 346 809 12.55 0.053 0.947 0.947 0
270 347 804 12.55 0.053 0.947 0.947 0
271 348 492 12.55 0.053 0.947 0.947 0
272 349 804 12.55 0.053 0.947 0.947 0
273 350 806 12.55 0.053 0.947 0.947 0
274 351 804 12.55 0.053 0.947 0.947 0
275 352 806 12.55 0.053 0.947 0.947 0
276 353 804 12.55 0.053 0.947 0.947 0
277 354 806 12.55 0.053 0.947 0.947 0
278 355 804 12.55 0.053 0.947 0.947 0
279 356 806 12.55 0.053 0.947 0.947 0
280 357 804 12.55 0.053 0.947 0.947 0
281 358 806 12.55 0.053 0.947 0.947 0
282 359 804 12.55 0.053 0.947 0.947 0
283 360 804 12.55 0.053 0.947 0.947 0
284 361 490 12.55 0.053 0.947 0.947 0
285 362 804 12.55 0.053 0.947 0.947 0
286 363 804 12.55 0.053 0.947 0.947 0
287 364 804 12.55 0.053 0.947 0.947 0
288 365 485 12.55 0.053 0.947 0.947 0
289 366 804 12.55 0.053 0.947 0.947 0
290 367 809 12.55 0.053 0.947 0.947 0
291 368 804 12.55 0.053 0.947 0.947 0
292 369 809 12.55 0.053 0.947 0.947 0
293 370 804 12.55 0.053 0.947 0.947 0
294 371 806 12.55 0.053 0.947 0.947 0
295 372 804 12.55 0.053 0.947 0.947 0
296 373 806 12.55 0.053 0.947 0.947 0
297 374 490 12.55 0.053 0.947 0.947 0
298 375 806 12.55 0.053 0.947 0.947 0
299 376 804 12.55 0.053 0.947 0.947 0
300 377 806 12.55 0.053 0.947 0.947 0
301 378 784 12.34 0.053 0.947 0.947 0
302 379 784 11.12 0.053 0.947 0.947 0
303 380 782 13.04 0.053 0.947 0.947 0
304 381 782 14.28 0.053 0.947 0.947 0
305 382 787 12.18 0.053 0.947 0.947 0
306 383 784 11.31 0.053 0.947 0.947 0
307 384 782 9.57 0.053 0.947 0.947 0
308 385 782 11.30 0.053 0.947 0.947 0
309 386 473 11.25 0.053 0.947 0.947 0
310 387 784 10.71 0.053 0.947 0.947 0
311 388 782 8.27 0.053 0.947 0.947 0
312 389 782 13.81 0.053 0.947 0.947 0
313 390 463 15.02 0.053 0.947 0.947 0
314 391 784 9.57 0.053 0.953 0.947 0
315 392 1219 5.87 0.052 1.000 0.948 0
316 393 1646 0.00 0.000 1.000 1.000 0
317 394 1266 0.00 0.000 1.000 1.000 0
318 395 1210 0.00 0.000 1.000 1.000 0
319 396 1169 0.00 0.000 1.000 1.000 0
320 397 1384 0.00 0.000 1.000 1.000 0
321 398 2787 0.00 0.000 1.000 1.000 0
322 399 1064 0.00 0.000 1.000 1.000 0
323 400 962 0.00 0.000 1.000 1.000 0
324 401 2024 0.00 0.000 1.000 1.000 0
325 402 2906 0.00 0.000 1.000 1.000 0
326 403 3031 2.55 0.041 0.946 1.000 0
327 404 3032 5.17 0.059 0.939 1.000 0
328 405 3031 7.80 0.071 0.928 1.000 0
329 406 3205 10.40 0.071 0.928 1.000 0
330 407 3031 13.02 0.072 0.927 1.000 0
331 408 2746 15.62 0.072 0.927 1.000 0
332 409 1031 11.33 0.073 0.927 0.939 0
333 410 1033 7.19 0.073 0.927 0.928 0
334 411 1031 11.44 0.073 0.927 0.927 0
335 412 1033 22.21 0.073 0.927 0.927 0
336 413 1031 20.48 0.073 0.927 0.927 0
337 414 712 18.64 0.073 0.927 0.928 0
338 415 1033 15.51 0.073 0.927 0.927 0
339 416 1031 28.28 0.073 0.927 0.927 0
340 417 1317 24.41 0.073 0.927 0.927 0
341 418 1313 19.98 0.073 0.927 0.927 0
342 419 1316 14.12 0.073 0.927 0.927 0
343 420 1309 28.34 0.073 0.927 0.927 0
344 421 1307 22.98 0.073 0.927 0.927 0
345 422 1031 19.24 0.073 0.927 0.927 0
346 423 1036 14.58 0.073 0.927 0.927 0
347 424 1031 14.58 0.073 0.927 0.927 0
348 425 1033 14.58 0.073 0.927 0.927 0
349 426 1031 14.58 0.073 0.927 0.927 0
350 427 719 14.58 0.073 0.927 0.927 0
351 428 1031 14.58 0.073 0.927 0.927 0
352 429 1033 14.58 0.073 0.927 0.927 0
353 430 1031 14.58 0.073 0.927 0.927 0
354 431 1033 14.58 0.073 0.927 0.927 0
355 432 1031 14.58 0.073 0.927 0.927 0
356 433 1033 14.58 0.073 0.927 0.927 0
357 434 1031 14.58 0.073 0.927 0.927 0
358 435 1033 14.58 0.073 0.927 0.927 0
359 436 1031 14.58 0.073 0.927 0.927 0
360 437 1031 14.58 0.073 0.927 0.927 0
361 438 712 14.58 0.073 0.927 0.927 0
362 439 1031 14.58 0.073 0.927 0.927 0
363 440 1036 14.58 0.073 0.927 0.927 0
364 441 1031 14.58 0.073 0.927 0.927 0
365 442 1036 14.58 0.073 0.927 0.927 0
366 443 1031 14.58 0.073 0.927 0.927 0
367 444 1031 14.58 0.073 0.927 0.927 0
368 445 1033 14.58 0.073 0.927 0.927 0
369 446 1031 14.58 0.073 0.927 0.927 0
370 447 1031 14.58 0.073 0.927 0.927 0
371 448 712 14.58 0.073 0.927 0.927 0
372 449 1031 14.58 0.073 0.927 0.927 0
373 450 1036 14.58 0.073 0.927 0.927 0
374 451 1031 14.58 0.073 0.927 0.927 0
375 452 1036 14.58 0.073 0.927 0.927 0
376 453 1031 14.58 0.073 0.927 0.927 0
377 454 1033 14.58 0.073 0.927 0.927 0
378 455 1031 14.58 0.073 0.927 0.927 0
379 456 1033 14.58 0.073 0.927 0.927 0
380 457 1031 14.58 0.073 0.927 0.927 0
381 458 1033 14.58 0.073 0.927 0.927 0
382 459 1031 14.58 0.073 0.927 0.927 0
383 460 1033 14.58 0.073 0.927 0.927 0
384 461 1031 14.58 0.073 0.927 0.927 0
385 462 1033 14.58 0.073 0.927 0.927 0
386 463 1031 14.58 0.073 0.927 0.927 0
387 464 1033 14.58 0.073 0.927 0.927 0
388 465 1031 14.58 0.073 0.927 0.927 0
389 466 1031 14.58 0.073 0.927 0.927 0
390 467 1031 14.58 0.073 0.927 0.927 0
391 468 1031 14.58 0.073 0.927 0.927 0
392 469 1031 14.58 0.073 0.927 0.927 0
393 470 1031 14.58 0.073 0.927 0.927 0
394 471 712 14.58 0.073 0.927 0.927 0
395 472 1031 14.58 0.073 0.927 0.927 0
396 473 1036 14.58 0.073 0.927 0.927 0
397 474 1031 14.58 0.073 0.927 0.927 0
398 475 1036 14.58 0.073 0.927 0.927 0
399 476 1031 14.58 0.073 0.927 0.927 0
400 477 1033 14.58 0.073 0.927 0.927 0
401 478 1031 14.58 0.073 0.927 0.927 0
402 479 1033 14.58 0.073 0.927 0.927 0
403 480 1031 14.58 0.073 0.927 0.927 0
404 481 1033 14.58 0.073 0.927 0.927 0
405 482 1031 14.58 0.073 0.927 0.927 0
406 483 1033 14.58 0.073 0.927 0.927 0
407 484 1031 14.58 0.073 0.927 0.927 0
408 485 1033 14.58 0.073 0.927 0.927 0
409 486 1031 14.58 0.073 0.927 0.927 0
410 487 1033 14.58 0.073 0.927 0.927 0
411 488 1031 14.58 0.073 0.927 0.927 0
412 489 1031 14.58 0.073 0.927 0.927 0
413 490 712 14.58 0.073 0.927 0.927 0
414 491 1031 14.58 0.073 0.927 0.927 0
415 492 1036 14.58 0.073 0.927 0.927 0
416 493 1031 14.58 0.073 0.927 0.927 0
417 494 1036 14.58 0.073 0.927 0.927 0
418 495 1031 14.58 0.073 0.927 0.927 0
419 496 1033 14.58 0.073 0.927 0.927 0
420 497 1031 14.58 0.073 0.927 0.927 0
421 498 1033 14.58 0.073 0.927 0.927 0
422 499 1031 14.58 0.073 0.927 0.927 0
423 500 1033 14.58 0.073 0.927 0.927 0
424 501 1031 14.58 0.073 0.927 0.927 0
425 502 1033 14.58 0.073 0.927 0.927 0
426 503 1031 14.58 0.073 0.927 0.927 0
427 504 1036 14.58 0.073 0.927 0.927 0
428 505 1031 14.58 0.073 0.927 0.927 0
429 506 1356 14.58 0.073 0.927 0.927 0
430 507 1028 14.90 0.073 0.927 0.927 0
431 508 1004 15.24 0.073 0.927 0.927 0
432 509 1005 13.15 0.073 0.927 0.927 0
433 510 1007 15.92 0.073 0.927 0.927 0
434 511 1007 18.78 0.073 0.927 0.927 0
435 512 1005 16.29 0.073 0.927 0.927 0
436 513 1005 12.33 0.072 0.927 0.927 0
437 514 1010 8.23 0.073 0.927 0.927 0
438 515 1007 11.48 0.073 0.927 0.927 0
439 516 1005 16.43 0.073 0.927 0.927 0
440 517 1005 14.48 0.073 0.928 0.928 0
441 518 1010 10.21 0.073 0.928 0.927 0
442 519 1007 9.76 0.073 0.939 0.927 0
443 520 1005 18.95 0.073 0.946 0.927 0
444 521 4162 14.43 0.072 1.000 0.928 0
445 522 3634 6.98 0.061 1.000 0.939 0
446 523 4245 0.00 0.000 1.000 1.000 0
447 524 3044 0.00 0.000 1.000 1.000 0
448 525 2244 0.00 0.000 1.000 1.000 0
449 526 2347 0.00 0.000 1.000 1.000 0
450 527 777 0.00 0.000 1.000 1.000 0
451 528 821 0.00 0.000 1.000 1.000 0
452 529 915 0.00 0.000 1.000 1.000 0
453 530 916 0.00 0.000 1.000 1.000 0
454 531 1035 0.00 0.000 1.000 1.000 0
455 532 1201 0.00 0.000 1.000 1.000 0
456 533 818 0.00 0.000 1.000 1.000 0
457 534 1115 0.00 0.000 1.000 1.000 0
458 535 2362 0.00 0.000 1.000 1.000 0
459 536 2417 0.00 0.000 1.000 1.000 0
460 537 2562 0.00 0.000 1.000 1.000 0
461 538 1784 0.00 0.000 1.000 1.000 0
462 539 2471 0.00 0.000 1.000 1.000 0
463 540 2276 0.00 0.000 1.000 1.000 0
464 541 2316 0.00 0.000 1.000 1.000 0
465 542 1572 0.00 0.000 1.000 1.000 0
466 543 2404 0.00 0.000 1.000 1.000 0
467 544 3147 0.00 0.000 1.000 1.000 0
468 545 4310 0.00 0.000 1.000 1.000 0
469 546 5757 0.00 0.000 1.000 1.000 0
470 547 5473 1.91 0.006 0.967 1.000 0
471 548 5548 1.91 0.006 0.967 1.000 0
472 549 5413 1.91 0.006 0.967 1.000 0
473 550 5517 1.91 0.006 0.967 1.000 0
474 551 5491 3.95 0.066 0.920 1.000 0
475 552 5568 3.95 0.066 0.920 1.000 0
476 553 5656 3.95 0.066 0.920 1.000 0
477 554 5577 3.97 0.066 0.920 1.000 0
478 555 5904 6.06 0.080 0.909 1.000 0
479 556 5641 6.04 0.080 0.910 1.000 0
480 557 5348 5.99 0.079 0.911 1.000 0
481 558 5515 5.91 0.078 0.911 1.000 0
482 559 5364 7.92 0.089 0.911 1.000 0
483 560 5893 7.98 0.089 0.911 1.000 0
484 561 5455 8.02 0.090 0.910 1.000 0
485 562 5941 8.09 0.090 0.910 1.000 0
486 563 5266 10.26 0.091 0.892 1.000 0
487 564 6206 10.23 0.091 0.892 1.000 0
488 565 6437 10.24 0.092 0.892 1.000 0
489 566 6936 10.24 0.092 0.891 1.000 0
490 567 7330 12.23 0.108 0.892 1.000 0
491 568 6737 12.96 0.128 0.872 1.000 0
492 569 7479 13.76 0.128 0.872 1.000 0
493 570 7183 14.53 0.128 0.872 1.000 0
494 571 7596 17.79 0.128 0.872 1.000 0
495 572 7458 18.62 0.128 0.872 1.000 0
496 573 7167 19.33 0.128 0.872 1.000 0
497 574 7336 20.05 0.128 0.872 1.000 0
498 575 7322 23.19 0.128 0.872 1.000 0
499 576 7340 23.20 0.128 0.872 1.000 0
500 577 7191 23.22 0.128 0.872 1.000 0
501 578 7496 23.23 0.128 0.872 1.000 0
502 579 7260 26.14 0.128 0.872 1.000 0
503 580 6941 26.16 0.128 0.872 1.000 0
504 581 7329 26.14 0.128 0.872 1.000 0
505 582 6957 26.15 0.128 0.872 1.000 0
506 583 7670 29.19 0.128 0.872 1.000 0
507 584 7971 29.19 0.128 0.872 1.000 0
508 585 6983 29.21 0.127 0.873 1.000 0
509 586 6760 29.22 0.127 0.873 1.000 0
510 587 2517 32.10 0.127 0.873 1.000 0
511 588 1915 35.90 0.186 0.873 0.934 0
512 589 1999 35.91 0.186 0.873 0.934 0
513 590 2033 35.92 0.186 0.873 0.934 0
514 591 2209 38.86 0.186 0.873 0.934 0
515 592 2312 41.86 0.199 0.873 0.919 0
516 593 2152 41.84 0.199 0.873 0.919 0
517 594 2239 41.87 0.199 0.873 0.919 0
518 595 2147 44.77 0.199 0.873 0.919 0
519 596 2181 48.92 0.208 0.873 0.909 0
520 597 2144 48.88 0.208 0.874 0.909 0
521 598 2231 48.80 0.208 0.874 0.908 0
522 599 2193 51.60 0.208 0.874 0.908 0
523 600 2296 55.73 0.208 0.874 0.908 0
524 601 2136 55.69 0.207 0.874 0.908 0
525 602 2223 55.69 0.207 0.874 0.908 0
526 603 2131 58.72 0.207 0.874 0.908 0
527 604 2165 62.31 0.207 0.874 0.908 0
528 605 2128 62.29 0.207 0.875 0.908 0
529 606 2211 62.25 0.207 0.875 0.908 0
530 607 2124 62.16 0.206 0.875 0.908 0
531 608 2158 64.49 0.206 0.875 0.907 0
532 609 2121 64.38 0.206 0.876 0.907 0
533 610 2780 64.30 0.206 0.876 0.907 0
534 611 4126 64.18 0.205 0.876 0.907 0
535 612 3244 78.84 0.227 0.852 0.907 0
536 613 3502 78.29 0.225 0.852 0.907 0
537 614 3343 77.54 0.224 0.852 0.908 0
538 615 3579 76.83 0.222 0.852 0.909 0
539 616 3464 76.38 0.234 0.852 0.892 0
540 617 3528 76.00 0.234 0.853 0.892 0
541 618 3479 76.85 0.235 0.853 0.892 0
542 619 3445 77.01 0.236 0.853 0.892 0
543 620 3493 77.47 0.236 0.853 0.891 0
544 621 3614 76.09 0.234 0.853 0.890 0
545 622 3504 74.52 0.231 0.853 0.890 0
546 623 3597 73.17 0.228 0.853 0.890 0
547 624 3516 72.98 0.226 0.853 0.890 0
548 625 3378 69.37 0.217 0.853 0.891 0
549 626 3824 65.76 0.209 0.853 0.893 0
550 627 3657 52.26 0.190 0.853 0.873 0
551 628 3601 49.27 0.190 0.853 0.873 0
552 629 3716 54.70 0.190 0.853 0.873 0
553 630 3630 50.75 0.190 0.853 0.873 0
554 631 3599 47.72 0.190 0.853 0.873 0
555 632 3635 48.69 0.190 0.853 0.873 0
556 633 3601 45.44 0.190 0.853 0.873 0
557 634 3373 45.27 0.190 0.853 0.873 0
558 635 3613 45.30 0.190 0.853 0.873 0
559 636 3651 51.55 0.190 0.853 0.873 0
560 637 3611 51.62 0.190 0.853 0.873 0
561 638 3601 51.49 0.190 0.853 0.874 0
562 639 3644 51.52 0.190 0.853 0.874 0
563 640 3713 49.70 0.190 0.853 0.874 0
564 641 3532 49.70 0.190 0.853 0.874 0
565 642 3695 49.67 0.189 0.853 0.874 0
566 643 3519 49.71 0.190 0.853 0.874 0
567 644 3698 47.04 0.189 0.853 0.874 0
568 645 3519 47.01 0.189 0.853 0.874 0
569 646 3584 46.85 0.189 0.853 0.875 0
570 647 3519 46.96 0.189 0.853 0.875 0
571 648 3700 46.69 0.188 0.853 0.875 0
572 649 3555 46.80 0.189 0.852 0.875 0
573 650 3698 46.78 0.188 0.852 0.876 0
574 651 3515 46.84 0.189 0.852 0.876 0
575 652 3699 46.89 0.188 0.852 0.876 0
576 653 3515 46.95 0.189 0.852 0.876 0
577 654 3698 46.95 0.188 0.852 0.876 0
578 655 3519 46.96 0.188 0.852 0.876 0
579 656 3698 46.84 0.188 0.852 0.877 0
580 657 3520 46.82 0.188 0.853 0.877 0
581 658 3698 46.95 0.187 0.853 0.877 0
582 659 3555 46.98 0.187 0.853 0.877 0
583 660 3663 46.91 0.187 0.853 0.877 0
584 661 3557 46.85 0.187 0.853 0.877 0
585 662 3695 46.78 0.187 0.853 0.877 0
586 663 3512 46.73 0.187 0.853 0.877 0
587 664 3695 46.59 0.186 0.853 0.877 0
588 665 3516 46.43 0.186 0.853 0.877 0
589 666 3581 46.61 0.186 0.853 0.877 0
590 667 3516 46.53 0.186 0.854 0.877 0
591 668 3699 46.34 0.185 0.854 0.878 0
592 669 3516 46.37 0.185 0.854 0.878 0
593 670 3695 46.30 0.185 0.854 0.878 0
594 671 3512 46.32 0.185 0.854 0.878 0
595 672 3696 46.40 0.185 0.854 0.878 0
596 673 3512 46.37 0.185 0.855 0.878 0
597 674 3695 46.45 0.185 0.855 0.877 0
598 675 3516 46.34 0.184 0.855 0.877 0
599 676 3695 46.37 0.184 0.855 0.877 0
600 677 3516 46.36 0.184 0.855 0.877 0
601 678 3695 46.28 0.184 0.855 0.877 0
602 679 3516 46.40 0.185 0.855 0.877 0
603 680 3699 46.33 0.185 0.855 0.877 0
604 681 3516 46.35 0.185 0.855 0.877 0
605 682 3695 46.15 0.185 0.855 0.876 0
606 683 3552 46.18 0.185 0.855 0.876 0
607 684 3697 46.10 0.185 0.855 0.876 0
608 685 3512 46.27 0.185 0.854 0.876 0
609 686 3695 46.10 0.185 0.854 0.876 0
610 687 3516 46.32 0.186 0.854 0.876 0
611 688 3695 46.36 0.186 0.854 0.876 0
612 689 3538 46.63 0.186 0.854 0.876 0
613 690 3615 46.59 0.186 0.854 0.876 0
614 691 3555 46.86 0.186 0.854 0.876 0
615 692 3700 46.83 0.186 0.854 0.875 0
616 693 3515 46.98 0.186 0.853 0.875 0
617 694 3698 47.02 0.186 0.853 0.875 0
618 695 3515 47.16 0.187 0.853 0.875 0
619 696 3698 47.07 0.186 0.853 0.876 0
620 697 3519 47.15 0.187 0.853 0.876 0
621 698 3584 47.04 0.186 0.853 0.876 0
622 699 3519 47.06 0.187 0.853 0.876 0
623 700 3702 46.97 0.186 0.853 0.876 0
624 701 3519 47.05 0.186 0.854 0.876 0
625 702 3698 46.82 0.186 0.854 0.876 0
626 703 3515 46.83 0.186 0.854 0.876 0
627 704 3699 46.77 0.185 0.854 0.877 0
628 705 3515 46.75 0.186 0.854 0.877 0
629 706 3698 46.53 0.185 0.854 0.877 0
630 707 3519 46.66 0.186 0.854 0.877 0
631 708 3698 46.45 0.185 0.854 0.877 0
632 709 3519 46.56 0.186 0.854 0.877 0
633 710 3698 46.37 0.185 0.854 0.877 0
634 711 4049 46.49 0.185 0.854 0.877 0
635 712 4236 40.69 0.185 0.854 0.877 0
636 713 3783 35.76 0.184 0.854 0.877 0
637 714 3919 26.09 0.177 0.854 0.855 0
638 715 3745 27.81 0.173 0.854 0.855 0
639 716 3898 31.67 0.170 0.854 0.855 0
640 717 3722 36.56 0.164 0.868 0.855 0
641 718 3904 41.79 0.145 0.929 0.855 0
642 719 3379 44.46 0.145 1.000 0.855 0
643 720 3814 44.62 0.145 1.000 0.855 0
644 721 3341 44.42 0.145 1.000 0.855 0
645 722 3384 44.62 0.145 1.000 0.855 0
646 723 3351 44.69 0.145 1.000 0.855 0
647 724 3535 44.51 0.145 1.000 0.855 0
648 725 3361 44.56 0.145 1.000 0.855 0
649 726 3652 44.50 0.146 1.000 0.854 0
650 727 3622 44.59 0.146 1.000 0.854 0
651 728 4282 44.65 0.146 1.000 0.854 0
652 729 4629 44.72 0.146 1.000 0.854 0
653 730 5223 44.91 0.146 1.000 0.854 0
654 731 4633 44.91 0.146 1.000 0.854 0
655 732 4735 45.14 0.146 1.000 0.854 0
656 733 4711 45.23 0.146 1.000 0.854 0
657 734 6072 45.31 0.147 1.000 0.853 0
658 735 6402 45.38 0.147 1.000 0.853 0
659 736 5767 45.45 0.147 1.000 0.853 0
660 737 5622 45.44 0.147 1.000 0.853 0
661 738 6110 45.20 0.147 1.000 0.853 0
662 739 6076 45.07 0.147 1.000 0.853 0
663 740 6050 44.98 0.147 1.000 0.853 0
664 741 5689 44.93 0.147 1.000 0.853 0
665 742 6136 44.84 0.146 1.000 0.854 0
666 743 5625 44.90 0.146 1.000 0.854 0
667 744 5839 44.92 0.146 1.000 0.854 0
668 745 5687 44.85 0.146 1.000 0.854 0
669 746 5824 44.89 0.146 1.000 0.854 0
670 747 6217 44.92 0.146 1.000 0.854 0
671 748 6108 44.75 0.146 1.000 0.854 0
672 749 5676 44.82 0.146 1.000 0.854 0
673 750 5244 45.06 0.146 1.000 0.854 0
674 751 6282 45.00 0.146 1.000 0.854 0
675 752 6185 45.01 0.146 1.000 0.854 0
676 753 6180 45.01 0.146 1.000 0.854 0
677 754 7858 45.14 0.147 1.000 0.853 0
678 755 8525 45.17 0.147 1.000 0.853 0
679 756 9526 44.88 0.147 1.000 0.853 0
680 757 7991 44.94 0.147 1.000 0.853 0
681 758 8465 44.94 0.148 1.000 0.852 0
682 759 8784 44.80 0.148 1.000 0.852 0
683 760 8461 44.95 0.148 1.000 0.852 0
684 761 8891 44.84 0.148 1.000 0.852 0
685 762 8029 65.71 0.330 0.459 0.851 0
686 763 8008 88.20 0.803 0.126 0.851 0
687 764 8036 111.51 0.935 0.050 0.851 0
688 765 8012 135.75 0.960 0.050 0.851 0
689 766 8037 160.74 0.960 0.050 0.850 0
690 767 9130 186.07 0.960 0.050 0.850 0
691 768 8085 212.47 0.960 0.050 0.850 0
692 769 8391 226.45 0.961 0.050 0.850 0
693 770 8233 226.40 0.961 0.050 0.849 0
694 771 7939 226.42 0.961 0.050 0.849 0
695 772 8420 226.58 0.961 0.050 0.849 0
696 773 8394 226.63 0.961 0.050 0.849 0
697 774 8417 226.80 0.961 0.050 0.849 0
698 775 8027 226.77 0.961 0.050 0.849 0
699 776 9227 226.79 0.962 0.050 0.849 0
700 777 8020 226.86 0.962 0.050 0.849 0
701 778 8050 226.76 0.962 0.050 0.848 0
702 779 8020 226.69 0.962 0.050 0.848 0
703 780 8053 226.93 0.962 0.050 0.848 0
704 781 8027 226.88 0.962 0.050 0.848 0
705 782 8050 227.01 0.962 0.050 0.848 0
706 783 8027 227.11 0.962 0.050 0.848 0
707 784 8053 227.00 0.962 0.050 0.847 0
708 785 9192 227.06 0.962 0.050 0.847 0
709 786 8050 227.00 0.962 0.050 0.847 0
710 787 8020 226.94 0.962 0.050 0.847 0
711 788 8053 226.95 0.963 0.050 0.847 0
712 789 8027 226.92 0.963 0.050 0.847 0
713 790 8043 226.91 0.963 0.050 0.846 0
714 791 8020 226.84 0.963 0.050 0.846 0
715 792 8041 226.88 0.963 0.050 0.846 0
716 793 8027 226.86 0.963 0.050 0.846 0
717 794 8355 227.01 0.962 0.050 0.846 0
718 795 8020 226.94 0.962 0.050 0.846 0
719 796 8053 227.14 0.962 0.050 0.846 0
720 797 8027 227.04 0.962 0.050 0.846 0
721 798 8050 226.99 0.962 0.050 0.846 0
722 799 8029 226.99 0.962 0.050 0.846 0
723 800 8057 226.90 0.962 0.050 0.847 0
724 801 8032 226.88 0.962 0.050 0.847 0
725 802 8051 226.60 0.962 0.050 0.847 0
726 803 9200 226.56 0.962 0.050 0.847 0
727 804 8065 226.75 0.962 0.050 0.847 0
728 805 8041 226.73 0.962 0.050 0.847 0
729 806 8066 226.60 0.962 0.050 0.847 0
730 807 8045 226.55 0.962 0.050 0.847 0
731 808 8073 226.64 0.961 0.050 0.847 0
732 809 8049 226.68 0.961 0.050 0.847 0
733 810 8067 226.88 0.961 0.050 0.848 0
734 811 8053 226.90 0.961 0.050 0.848 0
735 812 8918 226.80 0.961 0.050 0.848 0
736 813 8057 226.89 0.961 0.050 0.848 0
737 814 8082 226.65 0.961 0.050 0.849 0
738 815 8061 226.68 0.961 0.050 0.849 0
739 816 8089 226.56 0.961 0.050 0.849 0
740 817 8065 226.58 0.961 0.050 0.849 0
741 818 8083 226.41 0.960 0.050 0.849 0
742 819 8069 226.40 0.960 0.050 0.849 0
743 820 8090 226.52 0.960 0.050 0.850 0
744 821 8901 226.43 0.960 0.050 0.850 0
745 822 8098 226.37 0.960 0.050 0.850 0
746 823 8077 226.40 0.960 0.050 0.850 0
747 824 8105 226.34 0.960 0.050 0.851 0
748 825 7853 226.31 0.960 0.050 0.851 0
749 826 7927 226.28 0.960 0.050 0.851 0
750 827 8082 226.25 0.960 0.050 0.851 0
751 828 8101 226.37 0.960 0.050 0.852 0
752 829 8075 226.41 0.960 0.050 0.852 0
753 830 8457 226.51 0.960 0.050 0.852 0
754 831 8082 226.55 0.960 0.050 0.852 0
755 832 8108 226.42 0.960 0.050 0.853 0
756 833 8082 226.43 0.960 0.050 0.853 0
757 834 8098 226.26 0.960 0.050 0.853 0
758 835 8082 226.20 0.960 0.050 0.853 0
759 836 8096 226.09 0.960 0.050 0.854 0
760 837 8075 226.03 0.960 0.050 0.854 0
761 838 8105 226.22 0.960 0.050 0.854 0
762 839 9245 226.19 0.960 0.050 0.854 0
763 840 8108 226.28 0.960 0.050 0.855 0
764 841 8082 226.25 0.960 0.050 0.855 0
765 842 8172 226.23 0.960 0.050 0.855 0
766 843 8154 226.30 0.960 0.050 0.855 0
767 844 8171 226.41 0.960 0.050 0.855 0
768 845 8143 226.53 0.960 0.050 0.855 0
769 846 8171 226.42 0.960 0.050 0.855 0
770 847 8360 226.50 0.960 0.050 0.855 0
771 848 9221 226.55 0.960 0.050 0.855 0
772 849 8349 226.58 0.960 0.050 0.855 0
773 850 8377 226.73 0.960 0.050 0.855 0
774 851 8345 226.66 0.960 0.050 0.855 0
775 852 8376 226.97 0.960 0.050 0.856 0
776 853 8348 226.94 0.960 0.050 0.856 0
777 854 8371 227.19 0.960 0.050 0.856 0
778 855 8348 227.16 0.960 0.050 0.856 0
779 856 8374 226.82 0.960 0.050 0.856 0
780 857 9513 226.82 0.960 0.050 0.856 0
781 858 8371 226.77 0.959 0.050 0.856 0
782 859 8341 226.70 0.959 0.050 0.856 0
783 860 8374 226.83 0.959 0.050 0.856 0
784 861 8348 226.80 0.959 0.050 0.856 0
785 862 8371 226.87 0.959 0.050 0.856 0
786 863 8348 227.00 0.959 0.050 0.856 0
787 864 8374 226.91 0.959 0.050 0.857 0
788 865 8348 226.86 0.959 0.050 0.857 0
789 866 8723 226.81 0.959 0.050 0.857 0
790 867 8336 226.87 0.959 0.050 0.857 0
791 868 8160 226.80 0.959 0.050 0.857 0
792 869 8134 226.87 0.959 0.050 0.857 0
793 870 8157 227.08 0.959 0.050 0.857 0
794 871 8134 226.99 0.959 0.050 0.857 0
795 872 8160 227.07 0.959 0.050 0.857 0
796 873 8133 227.18 0.959 0.050 0.857 0
797 874 8157 227.11 0.959 0.050 0.858 0
798 875 9297 227.11 0.959 0.050 0.858 0
799 876 8160 227.08 0.959 0.050 0.858 0
800 877 8134 226.98 0.959 0.050 0.858 0
801 878 8157 226.90 0.959 0.050 0.858 0
802 879 8134 226.93 0.959 0.050 0.858 0
803 880 7977 226.67 0.958 0.050 0.858 0
804 881 8052 226.62 0.958 0.050 0.858 0
805 882 8154 226.40 0.959 0.050 0.858 0
806 883 8129 226.32 0.959 0.050 0.858 0
807 884 8990 225.94 0.958 0.050 0.858 0
808 885 8125 226.01 0.958 0.050 0.858 0
809 886 8146 225.87 0.958 0.050 0.857 0
810 887 8121 225.81 0.958 0.050 0.857 0
811 888 8145 225.70 0.959 0.050 0.857 0
812 889 8117 225.56 0.959 0.050 0.857 0
813 890 8138 225.59 0.959 0.050 0.856 0
814 891 8113 225.58 0.959 0.050 0.856 0
815 892 8130 225.65 0.959 0.050 0.857 0
816 893 8937 225.65 0.959 0.050 0.857 0
817 894 8130 225.49 0.959 0.050 0.856 0
818 895 8105 225.46 0.959 0.050 0.856 0
819 896 8129 225.51 0.959 0.050 0.856 0
820 897 8101 225.63 0.959 0.050 0.856 0
821 898 8122 225.48 0.959 0.050 0.856 0
822 899 8097 225.46 0.959 0.050 0.856 0
823 900 8114 225.37 0.959 0.050 0.855 0
824 901 8093 225.38 0.959 0.050 0.855 0
825 902 8211 225.66 0.959 0.050 0.855 0
826 903 8089 225.67 0.959 0.050 0.855 0
827 904 8113 225.87 0.959 0.050 0.854 0
828 905 8085 225.85 0.959 0.050 0.854 0
829 906 8099 225.84 0.959 0.050 0.854 0
830 907 8081 225.78 0.959 0.050 0.854 0
831 908 8098 225.82 0.959 0.050 0.854 0
832 909 8079 225.75 0.959 0.050 0.854 0
833 910 8102 225.81 0.960 0.050 0.854 0
834 911 9242 225.80 0.960 0.050 0.854 0
835 912 8105 225.67 0.960 0.050 0.853 0
836 913 8067 225.71 0.960 0.050 0.853 0
837 914 8102 225.75 0.959 0.050 0.852 0
838 915 8072 225.62 0.959 0.050 0.852 0
839 916 8105 225.69 0.960 0.050 0.852 0
840 917 8079 225.67 0.960 0.050 0.852 0
841 918 8102 225.68 0.960 0.050 0.851 0
842 919 8079 225.87 0.960 0.050 0.851 0
843 920 9279 225.75 0.960 0.050 0.851 0
844 921 8072 226.00 0.960 0.050 0.851 0
845 922 8102 225.86 0.960 0.050 0.850 0
846 923 8072 225.92 0.960 0.050 0.850 0
847 924 8105 226.24 0.960 0.050 0.850 0
848 925 8079 226.34 0.960 0.050 0.850 0
849 926 8102 226.38 0.960 0.050 0.849 0
850 927 8079 226.34 0.960 0.050 0.849 0
851 928 8105 226.13 0.960 0.050 0.849 0
852 929 9244 226.18 0.960 0.050 0.849 0
853 930 8102 225.65 0.960 0.050 0.849 0
854 931 8072 225.69 0.960 0.050 0.849 0
855 932 8105 225.67 0.960 0.050 0.849 0
856 933 8079 225.69 0.960 0.050 0.849 0
857 934 8102 225.95 0.960 0.050 0.849 0
858 935 7851 225.86 0.960 0.050 0.849 0
859 936 7933 225.85 0.960 0.050 0.848 0
860 937 8076 225.81 0.960 0.050 0.848 0
861 938 8449 225.70 0.960 0.050 0.848 0
862 939 8065 225.85 0.960 0.050 0.848 0
863 940 8096 225.75 0.960 0.050 0.848 0
864 941 8068 225.75 0.960 0.050 0.848 0
865 942 8089 225.64 0.960 0.050 0.847 0
866 943 8064 225.63 0.960 0.050 0.847 0
867 944 8088 225.77 0.960 0.050 0.847 0
868 945 8059 225.64 0.960 0.050 0.847 0
869 946 8074 225.63 0.960 0.050 0.847 0
870 947 9219 225.53 0.960 0.050 0.847 0
871 948 8080 225.59 0.960 0.050 0.847 0
872 949 8052 225.57 0.960 0.050 0.847 0
873 950 8073 225.74 0.960 0.050 0.848 0
874 951 8048 225.81 0.960 0.050 0.848 0
875 952 8072 225.77 0.960 0.050 0.848 0
876 953 8044 225.73 0.960 0.050 0.848 0
877 954 8058 225.75 0.960 0.050 0.848 0
878 955 8040 225.79 0.960 0.050 0.848 0
879 956 8901 225.72 0.960 0.050 0.848 0
880 957 8036 225.85 0.960 0.050 0.848 0
881 958 8057 226.10 0.960 0.050 0.848 0
882 959 8032 226.09 0.960 0.050 0.848 0
883 960 8056 226.08 0.960 0.050 0.849 0
884 961 8028 226.05 0.960 0.050 0.849 0
885 962 8042 225.95 0.960 0.050 0.849 0
886 963 8024 226.00 0.960 0.050 0.849 0
887 964 8043 226.29 0.960 0.050 0.850 0
888 965 8852 226.32 0.960 0.050 0.850 0
889 966 8047 226.16 0.960 0.050 0.850 0
890 967 8024 226.18 0.960 0.050 0.850 0
891 968 8050 226.37 0.960 0.050 0.851 0
892 969 8017 226.34 0.960 0.050 0.851 0
893 970 8047 226.40 0.960 0.050 0.851 0
894 971 8017 226.41 0.960 0.050 0.851 0
895 972 8050 226.33 0.960 0.050 0.852 0
896 973 8024 226.27 0.960 0.050 0.852 0
897 974 8144 226.26 0.960 0.050 0.853 0
898 975 8017 226.30 0.960 0.050 0.853 0
899 976 8050 226.28 0.960 0.050 0.853 0
900 977 8012 226.22 0.960 0.050 0.853 0
901 978 8047 226.28 0.960 0.050 0.853 0
902 979 8017 226.20 0.960 0.050 0.853 0
903 980 8050 226.46 0.960 0.050 0.854 0
904 981 8024 226.58 0.960 0.050 0.854 0
905 982 8047 226.70 0.960 0.050 0.854 0
906 983 9187 226.72 0.960 0.050 0.854 0
907 984 8043 226.51 0.960 0.050 0.854 0
908 985 8017 226.52 0.960 0.050 0.854 0
909 986 8047 226.56 0.960 0.050 0.854 0
910 987 8017 226.55 0.960 0.050 0.854 0
911 988 8050 226.42 0.960 0.050 0.854 0
912 989 8024 226.43 0.960 0.050 0.854 0
913 990 7864 226.24 0.960 0.050 0.855 0
914 991 7942 226.26 0.960 0.050 0.855 0
915 992 9221 226.16 0.960 0.050 0.855 0
916 993 8012 226.30 0.960 0.050 0.855 0
917 994 8040 226.21 0.960 0.050 0.855 0
918 995 8008 226.26 0.960 0.050 0.855 0
919 996 8039 226.46 0.960 0.050 0.855 0
920 997 8011 226.50 0.960 0.050 0.855 0
921 998 8032 226.57 0.960 0.050 0.855 0
922 999 8007 226.58 0.960 0.050 0.855 0
923 1000 8031 226.70 0.960 0.050 0.855 0
924 1001 9168 226.66 0.960 0.050 0.855 0
925 1002 8024 226.51 0.960 0.050 0.855 0
926 1003 7992 226.56 0.960 0.050 0.855 0
927 1004 8023 226.47 0.960 0.050 0.855 0
928 1005 7995 226.40 0.960 0.050 0.855 0
929 1006 8016 226.54 0.960 0.050 0.855 0
930 1007 7991 226.42 0.960 0.050 0.855 0
931 1008 8017 226.58 0.960 0.050 0.854 0
932 1009 7991 226.63 0.960 0.050 0.854 0
933 1010 8366 226.51 0.960 0.050 0.854 0
934 1011 7984 226.55 0.960 0.050 0.854 0
935 1012 8017 226.63 0.960 0.050 0.853 0
936 1013 7991 226.64 0.960 0.050 0.853 0
937 1014 8014 226.71 0.960 0.050 0.853 0
938 1015 7991 226.70 0.960 0.050 0.853 0
939 1016 8017 226.26 0.960 0.050 0.852 0
940 1017 7990 226.18 0.960 0.050 0.852 0
941 1018 8007 226.30 0.960 0.050 0.851 0
942 1019 9156 226.23 0.960 0.050 0.851 0
943 1020 8021 226.45 0.960 0.050 0.851 0
944 1021 7997 226.43 0.960 0.050 0.851 0
945 1022 8022 226.40 0.960 0.050 0.850 0
946 1023 8001 226.34 0.960 0.050 0.850 0
947 1024 8029 226.46 0.960 0.050 0.850 0
948 1025 8005 226.48 0.960 0.050 0.850 0
949 1026 8023 226.42 0.961 0.050 0.849 0
950 1027 8009 226.37 0.961 0.050 0.849 0
951 1028 8874 226.44 0.961 0.050 0.849 0
952 1029 8013 226.56 0.961 0.050 0.849 0
953 1030 8038 226.40 0.961 0.050 0.848 0
954 1031 8010 226.33 0.961 0.050 0.848 0
955 1032 8045 226.42 0.961 0.050 0.848 0
956 1033 8009 226.52 0.961 0.050 0.848 0
957 1034 8046 226.23 0.961 0.050 0.847 0
958 1035 8018 226.19 0.961 0.050 0.847 0
959 1036 8053 226.31 0.961 0.050 0.847 0
960 1037 9194 226.27 0.961 0.050 0.847 0
961 1038 8047 226.27 0.961 0.050 0.847 0
962 1039 8033 226.23 0.961 0.050 0.847 0
963 1040 8054 226.37 0.961 0.050 0.847 0
964 1041 8030 226.42 0.961 0.050 0.847 0
965 1042 8062 226.54 0.961 0.050 0.846 0
966 1043 8034 226.57 0.961 0.050 0.846 0
967 1044 8069 226.71 0.961 0.050 0.846 0
968 1045 7817 226.69 0.961 0.050 0.846 0
969 1046 7995 226.44 0.961 0.050 0.846 0
970 1047 8039 226.39 0.961 0.050 0.846 0
971 1048 8065 226.48 0.961 0.050 0.846 0
972 1049 8039 226.51 0.961 0.050 0.846 0
973 1050 8069 226.83 0.961 0.050 0.847 0
974 1051 8039 226.86 0.961 0.050 0.847 0
975 1052 8046 227.06 0.961 0.050 0.847 0
976 1053 8113 227.02 0.961 0.050 0.847 0
977 1054 8085 226.92 0.961 0.050 0.847 0
978 1055 9120 226.90 0.961 0.050 0.847 0
979 1056 7981 227.14 0.961 0.050 0.847 0
980 1057 7940 227.15 0.961 0.050 0.847 0
981 1058 7936 227.05 0.961 0.050 0.847 0
982 1059 7908 227.08 0.961 0.050 0.847 0
983 1060 7818 227.15 0.961 0.050 0.847 0
984 1061 7915 227.11 0.961 0.050 0.847 0
985 1062 7735 227.43 0.960 0.050 0.848 0
986 1063 7916 227.45 0.960 0.050 0.848 0
987 1064 8820 227.14 0.960 0.050 0.848 0
988 1065 7909 227.22 0.960 0.050 0.848 0
989 1066 7878 227.22 0.960 0.050 0.848 0
990 1067 7754 227.23 0.960 0.050 0.848 0
991 1068 7868 227.09 0.960 0.050 0.848 0
992 1069 7925 227.10 0.960 0.050 0.848 0
993 1070 7676 227.02 0.960 0.050 0.848 0
994 1071 7872 227.04 0.960 0.050 0.848 0
995 1072 7846 227.03 0.961 0.050 0.848 0
996 1073 8788 227.01 0.961 0.050 0.848 0
997 1074 7797 226.86 0.961 0.050 0.848 0
998 1075 7871 226.84 0.961 0.050 0.848 0
999 1076 7944 226.97 0.961 0.050 0.849 0
1000 1077 7954 226.91 0.961 0.050 0.849 0
1001 1078 7953 226.89 0.961 0.050 0.849 0
1002 1079 7886 226.82 0.961 0.050 0.849 0
1003 1080 8452 226.87 0.961 0.050 0.849 0
1004 1081 7911 226.91 0.961 0.050 0.849 0
1005 1082 8246 226.91 0.961 0.050 0.849 0
1006 1083 8284 226.93 0.961 0.050 0.849 0
1007 1084 8237 226.78 0.961 0.050 0.849 0
1008 1085 8231 226.69 0.961 0.050 0.849 0
1009 1086 8261 226.66 0.961 0.050 0.849 0
1010 1087 8016 226.60 0.961 0.050 0.849 0
1011 1088 8161 226.64 0.961 0.050 0.849 0
1012 1089 8019 226.62 0.961 0.050 0.849 0
1013 1090 8610 226.52 0.961 0.050 0.849 0
1014 1091 9272 226.52 0.961 0.050 0.849 0
1015 1092 8330 226.44 0.961 0.050 0.849 0
1016 1093 8049 226.45 0.961 0.050 0.849 0
1017 1094 8399 226.51 0.961 0.050 0.849 0
1018 1095 8521 226.56 0.961 0.050 0.849 0
1019 1096 8620 226.58 0.961 0.050 0.849 0
1020 1097 8625 226.61 0.961 0.050 0.849 0
1021 1098 8207 226.25 0.961 0.050 0.849 0
1022 1099 7979 226.18 0.961 0.050 0.849 0
1023 1100 9974 226.22 0.961 0.050 0.849 0
1024 1101 7923 226.33 0.961 0.050 0.849 0
1025 1102 8005 226.70 0.961 0.050 0.849 0
1026 1103 8303 226.69 0.961 0.050 0.849 0
1027 1104 8358 226.67 0.961 0.050 0.848 0
1028 1105 8364 226.74 0.961 0.050 0.848 0
1029 1106 8366 226.61 0.961 0.050 0.848 0
1030 1107 8288 226.63 0.961 0.050 0.848 0
1031 1108 8344 226.52 0.961 0.050 0.848 0
1032 1109 9360 226.43 0.961 0.050 0.848 0
1033 1110 8279 226.24 0.961 0.050 0.848 0
1034 1111 8046 226.31 0.961 0.050 0.848 0
1035 1112 8262 225.99 0.960 0.050 0.848 0
1036 1113 8035 225.93 0.960 0.050 0.848 0
1037 1114 8262 225.98 0.960 0.050 0.847 0
1038 1115 8276 225.97 0.960 0.050 0.847 0
1039 1116 8269 225.93 0.960 0.050 0.848 0
1040 1117 8229 225.99 0.960 0.050 0.848 0
1041 1118 8299 225.67 0.960 0.050 0.847 0
1042 1119 8262 225.75 0.960 0.050 0.847 0
1043 1120 8016 225.93 0.960 0.050 0.848 0
1044 1121 8265 226.01 0.960 0.050 0.848 0
1045 1122 8037 226.26 0.960 0.050 0.847 0
1046 1123 8347 226.25 0.960 0.050 0.847 0
1047 1124 8004 226.39 0.960 0.050 0.848 0
1048 1125 8122 226.41 0.960 0.050 0.848 0
1049 1126 8035 226.17 0.960 0.050 0.848 0
1050 1127 9055 226.10 0.960 0.050 0.848 0
1051 1128 8269 225.92 0.960 0.050 0.848 0
1052 1129 8243 225.91 0.960 0.050 0.848 0
1053 1130 8259 225.87 0.960 0.050 0.848 0
1054 1131 8243 225.90 0.960 0.050 0.848 0
1055 1132 8262 225.84 0.960 0.050 0.849 0
1056 1133 8236 225.81 0.960 0.050 0.849 0
1057 1134 8259 226.01 0.960 0.050 0.849 0
1058 1135 8243 226.00 0.960 0.050 0.849 0
1059 1136 9106 226.16 0.959 0.050 0.849 0
1060 1137 8243 226.18 0.959 0.050 0.849 0
1061 1138 8259 226.06 0.959 0.050 0.849 0
1062 1139 8243 226.02 0.959 0.050 0.849 0
1063 1140 8262 225.89 0.959 0.050 0.849 0
1064 1141 8236 225.98 0.959 0.050 0.849 0
1065 1142 8259 226.12 0.959 0.050 0.849 0
1066 1143 8243 226.15 0.959 0.050 0.849 0
1067 1144 8262 225.96 0.959 0.050 0.850 0
1068 1145 9071 225.89 0.959 0.050 0.850 0
1069 1146 8259 225.78 0.959 0.050 0.850 0
1070 1147 8243 225.75 0.959 0.050 0.850 0
1071 1148 8262 225.87 0.959 0.050 0.850 0
1072 1149 8243 225.85 0.959 0.050 0.850 0
1073 1150 8266 225.73 0.959 0.050 0.850 0
1074 1151 8243 225.64 0.959 0.050 0.850 0
1075 1152 8269 225.83 0.959 0.050 0.850 0
1076 1153 8243 225.80 0.959 0.050 0.850 0
1077 1154 8586 225.80 0.959 0.050 0.850 0
1078 1155 8015 225.88 0.959 0.050 0.850 0
1079 1156 8090 225.65 0.959 0.050 0.851 0
1080 1157 8240 225.64 0.959 0.050 0.851 0
1081 1158 8261 225.66 0.959 0.050 0.851 0
1082 1159 8236 225.70 0.959 0.050 0.851 0
1083 1160 8253 225.78 0.959 0.050 0.851 0
1084 1161 8231 225.73 0.959 0.050 0.851 0
1085 1162 8241 225.73 0.959 0.050 0.852 0
1086 1163 9391 225.73 0.959 0.050 0.852 0
1087 1164 8252 225.73 0.959 0.050 0.852 0
1088 1165 8224 225.69 0.959 0.050 0.852 0
1089 1166 8245 225.76 0.959 0.050 0.852 0
1090 1167 8220 225.74 0.959 0.050 0.852 0
1091 1168 8244 225.95 0.959 0.050 0.852 0
1092 1169 8216 225.82 0.959 0.050 0.852 0
1093 1170 8230 226.14 0.960 0.050 0.853 0
1094 1171 8212 226.08 0.960 0.050 0.853 0
1095 1172 9073 225.95 0.960 0.050 0.853 0
1096 1173 8208 225.95 0.960 0.050 0.853 0
1097 1174 8229 225.78 0.960 0.050 0.853 0
1098 1175 8204 225.69 0.960 0.050 0.853 0
1099 1176 8228 225.67 0.960 0.050 0.853 0
1100 1177 8200 225.60 0.960 0.050 0.853 0
1101 1178 8214 226.00 0.961 0.050 0.853 0
1102 1179 8196 225.97 0.961 0.050 0.853 0
1103 1180 8213 226.36 0.961 0.050 0.853 0
1104 1181 9020 226.45 0.961 0.050 0.853 0
1105 1182 8213 226.33 0.961 0.050 0.853 0
1106 1183 8188 226.38 0.961 0.050 0.853 0
1107 1184 8214 226.59 0.961 0.050 0.853 0
1108 1185 8188 226.54 0.961 0.050 0.853 0
1109 1186 8204 226.27 0.960 0.050 0.853 0
1110 1187 8188 226.25 0.960 0.050 0.853 0
1111 1188 8207 226.42 0.960 0.050 0.853 0
1112 1189 8181 226.51 0.960 0.050 0.853 0
1113 1190 8563 226.68 0.960 0.050 0.853 0
1114 1191 8188 226.72 0.960 0.050 0.853 0
1115 1192 8214 226.96 0.960 0.050 0.853 0
1116 1193 8188 226.92 0.960 0.050 0.853 0
1117 1194 8204 227.01 0.960 0.050 0.853 0
1118 1195 8188 227.05 0.960 0.050 0.853 0
1119 1196 8207 226.86 0.960 0.050 0.853 0
1120 1197 8181 226.96 0.960 0.050 0.853 0
1121 1198 8204 226.92 0.960 0.050 0.853 0
1122 1199 9014 226.90 0.960 0.050 0.853 0
# --- k->f mapping (every 50th) ---
# k=0 f=77 wram_diff=1601
# k=50 f=127 wram_diff=804
# k=100 f=177 wram_diff=804
# k=150 f=227 wram_diff=782
# k=200 f=277 wram_diff=806
# k=250 f=327 wram_diff=809
# k=300 f=377 wram_diff=806
# k=350 f=427 wram_diff=719
# k=400 f=477 wram_diff=1033
# k=450 f=527 wram_diff=777
# k=500 f=577 wram_diff=7191
# k=550 f=627 wram_diff=3657
# k=600 f=677 wram_diff=3516
# k=650 f=727 wram_diff=3622
# k=700 f=777 wram_diff=8020
# k=750 f=827 wram_diff=8082
# k=800 f=877 wram_diff=8134
# k=850 f=927 wram_diff=8079
# k=900 f=977 wram_diff=8012
# k=950 f=1027 wram_diff=8009
# k=1000 f=1077 wram_diff=7954
# k=1050 f=1127 wram_diff=9055
# k=1100 f=1177 wram_diff=8200
